x <- 50
y <- 100
z <- -25
suma <- x+y+z
